100 5
37 54 28 65
45 85 1 64
97 52 75 94
90 79 36 90
54 78 27 33
69 16 19 41
12 92 62 24
29 82 76 24
47 28 78 10
21 2 70 47
60 48 24 21
45 34 12 83
5 48 23 14
6 20 44 81
41 81 84 86
38 44 50 82
35 12 96 7
69 40 15 36
74 15 60 33
83 86 41 62
31 61 64 2
39 59 54 48
17 21 28 12
29 71 94 88
17 22 73 82
50 35 64 28
58 81 64 34
8 41 63 3
56 53 67 99
27 18 12 70
88 12 51 60
7 24 56 50
89 16 78 35
98 52 34 38
69 93 43 83
73 44 71 22
22 86 61 69
82 9 4 44
85 83 17 9
48 37 36 89
18 42 38 47
6 46 60 14
3 13 79 24
19 28 66 14
12 95 28 33
57 23 84 70
34 67 95 99
83 59 43 15
71 75 23 96
94 90 51 23
30 66 30 27
54 88 60 15
39 68 31 37
32 50 34 99
11 30 1 8
64 70 46 41
39 18 84 41
45 53 22 43
39 1 57 66
41 34 16 16
8 82 39 37
34 41 49 97
53 84 71 86
84 64 41 16
56 66 3 46
48 97 72 34
63 71 24 85
29 17 26 59
79 37 80 29
22 29 72 29
67 24 61 30
89 97 66 51
81 6 72 49
25 83 65 72
32 40 93 69
70 36 74 51
15 67 21 11
45 53 82 98
38 68 87 63
58 20 76 80
35 36 80 81
50 30 31 86
56 95 20 55
41 92 90 74
81 57 68 43
40 75 31 93
94 92 31 98
51 94 11 24
33 28 22 62
13 65 66 50
70 9 69 68
26 23 61 65
34 30 94 69
11 63 1 17
29 86 23 49
87 30 48 29
1 61 45 70
43 28 92 46
12 92 40 53
52 10 69 66
