100 5
88 43 2 95
11 9 10 10
99 81 40 84
20 83 22 34
63 90 98 26
67 44 85 76
79 60 11 32
91 70 94 50
13 85 49 44
77 11 57 36
13 88 47 18
52 44 65 25
84 97 22 28
73 96 21 81
61 28 18 57
27 93 72 48
67 28 72 79
5 95 25 14
3 94 41 88
13 6 31 8
89 52 82 85
58 23 91 69
55 33 57 60
1 2 89 74
79 60 51 66
74 42 5 7
14 59 4 24
71 45 30 92
13 5 26 57
60 76 78 85
1 45 53 54
55 26 43 33
75 44 58 86
88 47 92 61
78 11 80 16
80 81 64 33
15 82 6 14
93 68 70 5
98 6 94 85
40 87 34 83
27 20 98 94
65 32 28 46
65 35 64 67
70 7 62 74
63 61 43 81
54 4 47 10
42 71 6 9
82 70 11 75
94 11 43 70
4 49 22 92
34 54 41 25
91 63 83 97
50 91 43 45
50 79 48 23
11 5 65 84
3 81 85 20
38 99 15 26
50 4 86 54
90 10 90 82
97 19 59 20
79 24 81 55
45 15 17 2
20 66 83 62
22 48 61 93
51 96 2 5
83 4 83 14
60 82 37 65
50 74 57 16
3 21 85 27
1 69 4 34
13 83 55 80
63 64 23 62
67 22 78 37
19 1 62 28
21 7 83 4
89 34 69 28
83 93 27 92
60 70 94 64
83 31 55 10
67 86 20 30
71 74 19 6
60 71 48 58
25 5 34 77
26 45 90 53
82 76 62 50
60 99 90 99
54 41 93 19
26 28 97 20
97 80 86 69
30 54 22 15
21 99 69 19
71 12 18 30
12 57 89 35
13 13 75 90
47 46 80 50
95 97 35 52
90 90 21 49
67 59 7 73
61 65 68 73
23 82 47 19
