50 10
68 69 1 19 10 76 39 77 30
40 96 37 65 76 40 11 30 71
43 54 91 35 75 96 96 88 57
72 37 59 89 29 54 74 21 83
87 35 2 41 10 91 22 29 34
59 19 44 15 86 90 22 12 31
67 10 29 99 62 41 50 2 11
89 88 37 19 26 72 6 95 50
84 61 30 74 1 37 95 24 22
43 95 20 63 62 38 83 20 7
92 18 19 92 89 64 70 66 82
90 49 79 29 2 98 1 82 34
23 69 41 47 62 36 8 45 5
20 86 79 80 96 20 94 4 62
97 28 49 7 99 3 65 22 3
57 6 21 43 91 41 70 81 68
33 40 97 89 85 93 61 56 35
7 88 86 9 42 44 80 85 79
69 94 15 99 7 3 82 3 10
56 78 57 38 4 19 23 82 60
16 43 76 76 23 66 51 94 67
41 31 14 52 74 55 92 72 10
7 54 57 48 83 66 25 96 87
74 80 80 55 41 68 23 55 25
54 11 93 17 63 1 40 3 24
67 27 31 63 99 5 69 63 4
15 3 66 92 55 59 42 65 36
85 32 30 77 37 64 13 20 44
83 2 82 31 23 1 17 4 22
42 49 11 44 1 5 27 95 8
29 27 71 76 84 11 74 20 49
64 81 94 18 46 46 7 57 97
3 18 35 7 31 10 25 38 8
9 83 71 40 93 56 73 46 9
35 84 76 47 79 25 81 76 18
24 49 76 73 32 95 84 10 34
72 64 26 41 71 12 40 79 54
70 20 31 70 60 48 28 7 42
47 52 58 86 42 11 86 12 70
78 42 31 8 24 45 17 60 59
60 51 98 63 51 25 66 85 8
11 66 26 77 98 62 33 73 29
60 95 92 91 64 12 20 18 6
5 18 11 24 85 67 84 75 42
24 37 72 19 31 17 23 77 33
52 70 46 63 11 59 73 71 67
39 22 20 72 95 30 25 83 7
14 87 38 17 58 73 87 63 64
65 67 57 46 57 34 2 52 7
99 15 5 66 28 27 15 66 60
