20 20
94 3 39 1 63 86 44 19 55 67 98 30 21 75 57 73 71 38
43 18 23 92 96 36 25 82 46 66 79 63 18 56 28 11 18 4
6 43 28 83 50 19 85 12 68 66 44 88 98 87 27 38 93 40
47 41 31 43 12 71 86 70 15 32 90 79 59 52 51 53 74 98
45 83 86 3 15 8 73 6 55 8 22 44 17 77 42 79 30 22
51 62 19 3 11 77 58 64 74 30 72 54 29 78 95 40 86 8
73 27 85 51 33 8 95 3 42 92 84 12 42 93 94 56 50 31
49 75 90 5 7 6 13 4 40 40 42 15 19 65 35 60 12 41
31 52 77 38 4 40 50 29 88 13 46 3 17 21 26 25 6 25
58 58 4 37 58 39 39 43 68 79 72 89 49 35 42 54 80 91
19 18 85 44 27 24 24 40 67 19 98 84 71 1 31 78 96 95
36 1 81 66 7 82 55 77 67 29 12 23 25 15 26 78 10 83
54 61 9 31 7 69 58 88 8 27 14 4 22 52 14 53 95 38
75 67 52 8 54 82 79 74 13 18 6 32 84 94 75 39 17 93
7 55 67 79 31 39 42 13 74 42 70 60 50 10 6 50 98 62
5 72 77 42 94 52 98 13 47 86 1 70 46 61 86 64 29 87
82 16 45 85 25 85 44 17 3 30 41 20 60 8 32 67 13 27
20 12 7 92 8 48 16 45 95 41 60 43 31 79 92 15 64 33
31 87 21 89 61 22 13 2 36 27 51 2 64 40 71 24 56 58
32 21 26 29 51 57 74 22 46 50 82 52 53 29 63 74 81 26
