50 20
44 15 24 58 53 80 56 11 64 22 24 56 59 72 41 18 90
54 80 75 55 26 35 8 64 94 1 2 43 41 81 80 39 34
7 61 31 34 89 39 1 32 23 88 51 63 64 8 74 96 66
54 37 34 66 34 85 51 10 88 69 49 60 30 73 15 18 10
61 72 87 67 29 45 73 37 52 50 39 3 51 93 89 16 95
18 73 88 70 32 13 4 86 23 79 62 89 16 38 24 48 51
45 55 62 16 28 81 58 35 26 59 85 52 64 85 36 22 15
64 19 59 25 46 78 24 41 9 18 70 42 72 94 86 53 4
81 80 39 34 49 25 69 7 63 98 86 24 68 88 98 71 66
57 48 4 1 55 81 39 56 24 21 18 53 31 69 51 24 24
13 10 74 18 8 21 33 10 8 35 90 77 93 90 32 17 53
45 17 90 2 34 87 16 15 32 94 36 12 86 26 92 47 87
60 67 29 86 40 40 75 25 97 57 51 71 91 23 51 44 26
12 21 99 34 48 30 19 15 17 71 20 14 34 44 98 62 64
89 9 74 82 68 11 1 54 76 76 23 62 6 97 88 4 13
20 79 4 55 59 76 30 3 45 97 17 75 27 67 1 85 16
47 89 86 59 87 79 44 43 28 7 23 97 62 53 13 74 23
81 20 22 21 1 75 8 10 89 87 47 3 35 75 50 59 61
11 94 10 31 87 77 45 27 75 89 66 54 57 69 80 41 78
56 47 96 53 91 17 19 10 71 53 3 41 67 44 56 13 58
30 90 56 25 99 51 53 39 46 19 59 71 96 13 50 82 13
51 44 28 69 95 29 38 2 40 69 30 11 69 47 58 26 99
18 49 90 71 21 11 39 24 66 66 85 12 8 98 75 39 87
91 28 71 85 62 73 68 50 87 61 16 54 92 41 4 28 70
48 46 12 80 87 50 83 64 91 18 81 21 1 46 73 59 84
94 82 1 39 84 86 94 44 50 86 95 14 37 25 90 49 3
32 96 6 71 96 56 34 34 54 51 81 82 69 56 2 87 48
67 91 41 66 47 93 1 97 60 90 14 35 57 50 73 32 78
95 28 30 74 60 79 23 93 10 80 96 21 59 35 75 65 79
75 93 21 57 82 57 32 81 79 22 23 38 85 59 67 24 20
82 30 64 54 60 85 70 15 43 6 44 52 86 78 99 48 51
41 64 92 2 53 17 35 42 34 52 8 82 98 44 93 72 83
7 41 1 27 98 88 78 34 77 16 15 40 96 57 9 15 51
39 53 85 55 48 89 89 87 92 84 48 47 55 21 27 5 1
25 86 94 7 30 39 88 53 3 12 95 91 9 59 61 68 2
49 6 24 94 39 41 92 82 98 74 62 60 2 60 64 36 73
39 68 83 85 52 8 50 64 40 69 90 61 71 52 43 7 82
53 25 4 3 22 21 64 96 19 22 41 21 85 62 32 52 34
66 8 57 46 63 33 61 60 68 12 70 67 2 14 56 45 26
96 62 8 7 19 36 35 20 85 80 56 29 96 58 61 87 49
36 17 17 26 49 75 81 78 2 45 50 46 7 24 55 42 39
41 49 83 95 50 2 69 12 51 51 29 74 78 8 99 68 24
8 92 47 21 20 65 80 15 35 96 39 11 55 22 77 9 39
92 20 57 4 85 57 38 63 91 80 72 72 7 72 66 53 69
92 77 93 98 31 22 44 81 68 87 94 56 50 37 25 59 1
82 24 54 9 99 41 49 98 3 92 70 81 5 90 28 65 1
78 53 79 52 61 89 85 97 26 20 40 80 60 96 87 81 79
19 71 5 48 96 62 26 2 49 95 33 87 61 26 25 12 27
12 88 30 59 82 43 15 2 37 16 16 44 68 23 18 39 20
54 88 90 17 75 30 97 44 25 64 79 41 87 91 61 62 22
