200 20
93 24 45 81 65 79 74 73 71 4 33 17 91 90 87 18 25 56
6 56 34 25 92 66 75 54 37 64 59 65 34 99 4 38 19 54
64 70 81 34 45 38 33 47 16 34 66 14 58 24 16 11 37 13
1 62 34 97 18 19 56 24 89 65 38 84 98 24 7 84 58 42
63 77 5 55 69 95 37 56 58 43 13 4 2 90 3 41 87 93
66 73 97 21 98 72 32 17 2 59 96 68 59 76 43 23 31 73
33 88 76 52 75 58 34 12 37 53 61 26 30 93 26 9 54 3
92 32 19 80 33 92 18 67 79 10 42 73 59 50 80 44 94 53
51 28 95 64 6 81 52 5 50 74 76 20 56 82 19 7 96 41
61 50 26 76 89 74 84 61 95 16 82 64 56 34 12 85 60 39
32 36 16 36 56 5 69 54 25 56 92 24 95 35 61 26 93 41
24 84 38 52 65 55 3 86 69 31 55 25 73 40 25 17 55 65
79 15 12 22 28 78 63 13 42 43 71 58 48 99 58 47 44 69
19 69 15 90 93 94 78 78 69 60 96 43 77 78 10 2 73 60
10 25 60 77 40 88 70 30 13 38 89 67 15 40 9 24 72 99
11 16 98 71 88 47 62 87 46 9 86 6 73 98 57 77 14 86
90 76 10 65 2 6 13 87 66 55 10 64 94 8 86 28 78 26
52 52 33 51 39 14 92 75 2 45 99 9 13 15 72 8 15 97
15 79 19 89 61 48 30 26 28 98 96 27 92 64 32 9 54 62
17 7 96 91 46 62 41 38 5 38 96 60 24 47 81 11 84 49
65 47 95 28 18 93 29 34 15 5 59 10 68 76 35 20 66 25
70 15 53 14 63 93 75 25 34 74 56 49 64 75 4 4 36 17
75 70 6 2 98 39 38 94 61 23 80 26 32 16 62 95 94 29
93 75 9 89 8 4 28 37 4 38 84 99 69 57 2 19 42 91
44 66 35 34 30 72 11 7 16 99 54 71 24 23 31 85 8 85
32 45 84 12 30 8 67 45 71 66 9 16 54 10 99 18 51 55
52 99 17 62 97 47 69 43 89 14 71 94 31 86 15 82 55 25
59 93 83 82 10 56 84 85 29 5 89 78 20 90 96 45 78 94
42 63 55 19 85 12 10 65 13 9 51 67 59 84 21 4 58 48
23 61 31 72 48 93 33 53 14 90 93 80 46 77 30 61 22 64
26 72 54 25 13 14 46 14 78 60 93 89 79 93 24 35 64 73
35 79 54 16 47 83 39 11 33 47 64 39 76 34 57 98 76 49
18 82 80 59 92 82 67 7 1 59 31 70 28 45 91 59 13 19
36 14 42 97 50 23 63 99 40 27 61 54 46 71 1 78 33 37
24 28 44 20 67 85 95 7 83 56 19 80 37 51 56 63 28 41
8 29 36 89 85 42 72 98 90 9 70 11 5 19 97 8 17 12
85 45 12 18 24 37 31 96 41 1 29 47 66 28 22 86 37 1
6 11 88 89 60 3 93 90 27 33 84 45 77 48 29 56 75 93
68 22 98 97 76 68 1 17 78 95 22 32 97 52 56 6 32 69
89 89 34 24 74 20 49 23 50 94 57 37 68 60 8 90 57 10
79 16 89 67 8 89 45 91 76 30 90 20 68 25 86 31 93 46
64 4 36 81 86 68 86 35 19 63 77 82 45 47 52 52 18 88
42 76 7 38 20 92 16 8 2 96 25 47 52 81 65 96 24 43
89 72 13 46 78 48 76 26 14 24 12 26 30 6 22 1 87 10
38 59 64 17 34 70 18 85 51 20 57 55 95 73 52 73 66 97
91 19 3 24 95 45 96 57 94 17 14 80 49 94 38 43 56 75
30 99 22 38 13 11 67 33 96 78 47 63 58 46 86 52 95 43
40 53 9 23 37 88 97 34 50 3 60 42 68 7 30 43 39 34
77 7 60 68 82 39 34 69 66 29 64 4 11 50 55 78 49 66
9 53 72 49 9 40 4 56 61 7 52 80 44 82 87 10 55 61
17 94 1 53 95 61 96 41 52 30 68 63 69 26 92 63 80 10
41 43 13 12 55 2 62 74 8 15 78 96 16 95 55 69 8 99
8 91 62 39 25 26 11 37 49 66 75 74 1 17 46 14 49 7
30 4 26 76 69 16 48 53 85 83 42 64 57 71 85 26 73 93
40 71 68 63 91 64 46 18 89 23 65 44 87 51 47 77 33 85
12 16 9 11 9 8 7 76 34 81 6 67 7 45 28 51 85 89
26 43 30 9 13 38 47 84 53 30 5 35 52 10 2 8 42 74
3 49 64 87 12 38 30 77 74 84 56 64 27 17 87 30 43 92
52 96 19 59 48 27 68 69 58 64 76 58 33 35 12 70 27 73
31 36 52 6 91 3 9 49 37 38 12 35 53 46 85 64 6 92
57 77 93 79 19 57 7 65 85 55 42 98 40 18 69 75 26 9
38 84 96 81 43 32 75 65 84 73 55 29 71 21 44 53 37 6
67 61 31 70 64 75 27 79 79 80 31 7 18 80 85 4 45 16
92 14 30 38 72 11 97 39 11 28 55 35 83 79 71 90 85 34
49 31 84 69 28 51 36 74 89 12 56 79 4 12 32 10 39 85
41 76 95 50 95 61 12 93 62 9 81 70 80 77 49 83 54 48
99 38 21 9 11 54 94 63 29 54 34 10 11 25 31 29 12 79
77 10 72 94 43 40 36 9 91 1 43 84 35 75 2 87 20 77
67 38 40 9 73 85 9 42 10 30 8 5 61 35 55 58 60 76
22 67 57 27 84 12 94 35 66 12 44 23 72 80 71 33 34 57
9 66 99 87 99 93 47 23 46 51 27 62 90 54 92 18 55 34
91 96 92 89 4 52 16 15 47 91 13 75 58 69 53 61 25 50
76 15 19 47 69 78 6 73 58 30 44 1 89 20 56 15 38 17
53 28 15 57 16 29 22 53 18 3 93 75 32 75 91 10 12 90
71 53 10 69 30 68 89 33 14 57 73 93 82 38 61 52 39 6
88 71 80 52 49 45 95 55 99 2 44 65 66 13 39 96 54 38
20 26 74 99 35 13 40 36 50 80 25 93 69 57 84 2 68 43
6 12 60 98 12 92 3 72 2 45 48 85 24 80 40 75 48 45
68 38 21 76 80 43 54 58 80 2 85 55 90 65 18 41 44 77
22 61 93 32 83 4 97 94 78 14 96 2 64 46 19 22 15 61
23 47 85 85 56 54 26 35 62 56 96 53 28 91 62 29 37 16
92 88 23 79 69 93 60 33 27 36 99 63 44 59 41 23 16 13
61 80 13 22 72 26 65 55 91 24 24 61 20 67 26 69 98 4
40 12 80 28 96 28 96 89 42 71 22 9 66 9 7 82 74 39
77 4 48 52 54 79 81 97 84 2 94 72 13 3 81 29 13 74
56 67 90 36 32 19 12 10 5 31 86 27 23 49 25 30 68 85
73 52 33 55 66 54 56 43 30 11 45 98 57 7 19 5 57 97
59 71 52 67 53 1 68 98 28 70 13 40 24 39 85 84 40 56
49 79 81 5 50 4 14 22 6 63 19 9 19 26 21 26 59 28
66 38 18 79 35 31 71 74 46 22 57 50 60 93 6 7 22 81
53 5 51 49 9 42 87 1 8 18 21 90 57 25 68 92 15 84
37 47 46 18 43 32 78 28 49 12 92 46 53 12 24 55 94 16
46 51 99 2 75 48 38 54 29 65 12 75 46 88 97 73 28 5
44 47 91 31 48 37 13 2 94 38 62 92 14 70 63 92 42 23
59 87 98 40 1 65 81 39 80 54 69 5 92 32 13 88 72 70
91 8 54 2 64 27 31 90 59 58 69 49 66 14 48 27 91 58
30 8 90 28 36 47 7 15 23 6 91 9 91 30 98 11 1 9
41 41 91 64 60 39 26 60 91 37 27 34 13 63 24 74 58 81
44 57 42 67 23 94 71 83 36 30 25 95 73 58 37 33 67 60
4 80 46 85 36 14 82 41 97 65 81 79 92 28 64 6 32 65
84 69 67 35 32 15 22 39 45 30 26 71 4 60 59 2 89 84
58 95 70 13 9 24 62 67 31 35 8 72 2 30 1 73 3 69
92 19 8 74 44 11 11 14 52 65 34 43 88 78 8 63 58 76
51 67 64 63 60 90 86 39 84 75 89 28 93 40 39 19 73 34
82 24 62 52 19 63 94 53 64 28 10 28 64 23 67 64 90 14
84 47 73 34 98 39 76 17 42 5 78 25 99 20 11 23 54 31
92 13 12 15 95 70 81 23 73 35 86 66 90 69 87 11 62 98
51 83 69 22 64 94 66 43 86 26 70 45 20 99 56 66 75 30
41 84 57 72 82 24 97 79 48 64 21 81 7 96 87 27 19 53
45 79 90 64 52 39 40 55 2 53 55 56 73 61 64 31 53 21
73 68 57 82 61 1 34 1 5 85 48 34 61 79 48 46 86 37
65 73 10 86 18 81 11 98 99 94 45 28 35 1 84 12 35 66
89 46 53 43 90 71 56 20 57 64 87 44 80 61 9 67 59 93
79 16 34 94 68 2 96 22 69 48 21 1 78 72 7 43 49 21
72 20 80 95 35 93 61 80 78 66 35 65 37 65 37 24 13 65
97 52 83 32 81 43 70 93 58 31 73 66 40 61 90 81 57 79
63 31 14 48 58 60 69 23 99 68 10 53 50 35 37 52 37 11
72 49 24 6 49 27 49 55 23 28 62 48 53 7 75 36 33 85
60 8 34 19 14 20 34 66 42 46 29 65 61 52 97 41 57 27
65 81 30 88 2 80 81 34 8 3 84 14 6 94 40 28 57 41
93 76 27 39 95 65 60 46 5 85 79 51 44 14 27 23 91 45
87 12 55 49 93 74 28 92 82 54 55 8 87 74 79 73 92 78
56 5 48 42 37 78 91 91 45 62 36 12 66 19 75 14 29 56
76 5 64 17 25 46 31 62 99 86 39 63 14 46 70 28 15 89
88 32 93 92 9 13 98 75 67 23 7 8 23 9 85 26 65 58
67 96 40 29 63 29 12 51 26 61 53 46 1 40 81 83 85 51
94 30 96 38 68 69 23 33 80 93 30 24 80 61 64 28 6 21
81 1 28 68 95 74 58 76 71 40 16 93 34 56 46 38 43 15
63 44 39 39 75 73 17 8 29 25 53 27 22 21 15 7 50 94
51 98 1 30 97 58 78 58 90 28 82 4 40 95 22 10 43 29
92 34 74 83 53 42 68 25 9 67 25 63 63 6 1 14 76 83
14 5 1 44 31 96 63 40 20 35 97 21 31 95 29 50 83 23
97 32 99 80 97 81 63 33 33 20 12 4 32 27 3 26 10 22
27 69 77 5 68 14 97 20 70 48 6 92 64 63 9 54 86 19
36 36 21 34 67 14 38 84 19 15 67 96 13 49 41 97 6 23
3 26 71 28 36 34 50 5 19 53 40 87 2 14 3 1 86 12
54 91 98 18 13 27 62 87 66 95 92 10 47 66 74 91 11 37
36 85 55 85 67 18 41 54 54 28 3 82 60 3 69 91 56 68
84 61 58 29 16 90 84 66 93 72 66 57 73 1 66 1 62 24
12 75 79 28 15 49 86 74 34 32 5 47 75 50 37 18 17 2
69 33 87 62 49 35 82 90 72 36 6 80 95 1 49 6 72 59
80 16 16 49 72 28 56 96 66 82 10 95 35 67 30 15 87 13
60 95 69 7 10 19 51 95 29 11 21 42 17 97 8 84 38 32
79 34 58 79 26 36 1 9 4 19 70 47 70 41 99 44 76 58
83 74 98 40 40 66 97 2 12 29 52 24 4 13 50 60 28 60
39 19 8 16 80 91 60 8 64 6 89 88 59 30 48 65 47 78
79 84 49 36 40 59 26 41 89 58 64 59 68 53 81 3 17 31
67 95 15 16 48 55 90 97 89 93 9 44 75 84 26 7 16 77
31 35 29 20 77 16 42 92 53 49 55 58 24 29 7 26 82 2
53 75 23 3 71 44 3 77 37 14 76 98 21 21 99 53 55 94
67 1 65 16 56 18 53 46 16 38 14 15 22 16 68 22 65 75
13 96 20 8 14 62 90 41 83 63 28 2 4 49 38 36 61 44
80 41 92 52 93 84 25 71 24 23 65 51 8 17 59 54 29 55
94 36 30 7 56 20 85 40 89 95 89 65 1 30 42 19 5 89
18 86 9 59 19 31 27 31 87 94 47 39 32 69 36 67 11 78
19 16 40 8 28 93 70 98 89 72 2 71 68 33 59 6 89 63
61 37 86 82 63 49 86 15 6 73 42 6 33 56 50 7 33 50
91 87 53 63 86 44 46 82 73 71 80 11 27 41 63 42 94 93
37 49 78 50 18 5 27 10 69 78 9 37 11 64 96 63 68 21
15 72 20 80 54 5 37 8 47 9 4 79 57 2 68 55 21 8
84 98 96 49 85 78 53 24 6 54 63 42 23 99 78 18 62 64
27 26 43 68 82 15 32 2 98 52 91 69 17 87 82 15 93 26
66 19 5 19 90 3 55 77 59 47 71 34 43 10 83 91 81 84
85 63 18 51 11 19 23 50 38 44 34 5 58 18 79 43 44 4
41 50 76 56 85 51 97 11 4 38 75 13 7 39 67 55 40 14
65 52 24 37 18 36 22 93 88 48 12 70 30 55 15 55 6 48
95 80 1 91 35 12 29 53 41 47 38 49 43 46 86 56 97 21
3 45 8 60 50 20 6 26 25 30 8 94 29 96 87 6 54 4
14 41 85 48 1 87 48 28 35 18 7 79 41 54 22 94 76 98
76 31 79 93 63 25 39 24 7 69 38 90 27 84 80 97 21 72
8 54 28 11 80 44 51 83 51 25 59 17 80 98 64 23 53 96
28 33 67 29 93 32 29 78 46 27 90 94 43 8 35 85 52 26
43 11 28 87 88 52 18 81 20 77 78 22 84 18 30 29 35 42
33 51 37 3 81 99 12 59 39 15 52 22 40 91 84 55 92 99
6 96 38 18 83 93 54 91 54 64 99 51 65 9 89 57 12 21
1 40 39 63 50 12 68 70 81 91 5 97 94 57 78 82 92 29
4 89 38 86 24 81 75 8 15 87 4 49 63 86 24 42 12 55
32 66 40 29 55 96 33 66 49 63 73 75 41 97 41 24 56 94
23 89 21 99 40 25 7 49 85 10 87 28 29 31 42 68 28 99
44 35 84 99 61 1 98 44 26 64 21 7 36 10 32 50 1 1
28 67 81 25 30 31 85 13 48 26 64 91 94 48 63 67 7 70
38 19 36 40 78 67 70 83 88 14 20 10 18 45 77 51 31 49
56 15 90 61 5 76 67 62 74 82 79 32 59 86 46 52 30 17
10 4 2 60 24 29 88 39 64 13 70 10 33 81 61 29 15 57
15 60 90 75 8 61 79 48 91 79 81 72 93 21 58 90 44 49
75 59 37 56 50 87 30 34 6 27 41 94 97 40 77 58 98 92
64 86 47 52 92 74 81 25 33 55 78 72 97 84 12 97 80 14
94 65 67 53 25 90 72 93 19 47 14 29 94 40 91 94 77 11
93 16 94 15 28 96 47 91 86 47 17 58 31 49 63 4 34 67
27 98 93 38 81 93 24 32 49 85 19 82 33 24 86 42 31 33
56 55 15 57 43 93 4 51 86 15 59 48 85 28 16 79 5 27
17 91 85 98 70 73 83 61 39 47 13 10 21 25 41 98 90 62
51 38 72 20 76 77 36 80 34 53 46 68 80 87 96 29 27 57
67 77 18 69 77 93 49 6 95 60 15 61 6 54 53 6 37 57
69 98 68 66 35 64 45 95 76 56 62 89 75 86 90 66 46 72
40 76 78 22 47 69 12 98 92 3 69 32 65 10 2 89 68 68
20 74 29 22 12 72 11 17 50 78 51 5 62 79 95 42 4 18
77 38 68 72 69 17 28 81 1 66 76 50 48 23 3 84 82 33
59 88 85 93 85 71 47 74 85 58 91 83 22 5 82 34 26 93
4 91 84 59 44 82 33 62 4 27 38 38 68 39 19 84 23 84
